2 1
4 3
5 1
6 4
6 5
7 3
8 7
9 8
10 1
10 5
10 9
11 6
12 4
12 6
12 11
14 3
14 13
15 3
15 13
17 18
17 13
16 3
16 14
16 15
19 20
18 1
18 5
18 10
21 22
21 8
21 9
20 13
23 1
23 18
23 5
23 24
23 10
22 17
25 2
25 26
24 21
24 8
24 9
24 10
27 17
27 2
27 28
26 12
29 19
28 4
28 13
28 15
31 20
30 5
30 26
30 12
34 1
34 19
34 32
34 33
34 29
35 16
35 21
35 7
35 14
35 31
32 19
32 29
33 20
33 28
33 13
33 31
38 35
38 16
38 37
38 7
38 14
39 19
39 20
39 22
39 13
36 1
36 2
36 19
36 25
37 18
37 20
37 28
37 13
37 30
37 15
42 39
42 37
42 41
42 28
42 13
42 31
42 15
43 4
43 8
40 2
40 39
40 36
40 25
41 33
41 20
41 29
41 28
46 35
46 16
46 3
46 38
46 7
46 24
46 45
47 34
47 19
47 32
44 1
44 18
44 5
44 23
44 9
44 43
44 10
45 21
51 35
51 52
51 45
50 32
50 26
50 12
50 30
49 50
49 21
49 24
49 9
49 43
48 2
48 36
48 25
48 40
48 47
48 14
55 51
55 52
55 25
55 56
55 45
54 33
54 38
54 20
54 37
54 31
54 15
53 34
53 19
53 32
53 54
53 7
53 29
53 31
52 47
59 2
59 52
59 41
59 47
59 60
58 17
58 4
58 39
58 7
57 39
57 58
56 4
56 6
56 43
63 33
63 20
63 54
63 42
63 46
63 28
63 31
62 17
62 48
62 22
62 27
62 63
62 60
61 58
61 57
61 27
61 41
60 27
68 33
68 64
68 20
68 54
68 37
68 63
68 31
68 15
69 35
69 3
69 64
69 7
69 10
69 46
69 61
69 14
70 17
70 1
70 22
70 27
70 61
70 60
71 70
71 52
71 57
71 26
71 47
64 16
64 3
64 38
64 7
64 57
64 11
64 46
64 14
65 50
65 16
65 49
65 21
65 8
65 24
65 9
65 72
66 50
66 5
66 26
66 12
66 30
67 70
67 66
67 22
67 42
67 27
67 62
67 60
76 34
76 19
76 32
76 53
76 42
76 29
76 31
77 68
77 3
77 4
77 43
77 56
77 11
78 51
78 55
78 8
78 72
78 45
79 3
79 4
79 6
79 43
79 77
79 78
79 56
79 11
72 51
72 18
72 55
72 44
72 45
73 71
73 80
73 67
73 22
73 57
73 27
73 62
73 60
74 49
74 21
74 8
74 24
74 9
74 78
75 50
75 49
75 65
75 23
75 8
75 24
75 9
75 74
75 30
85 18
85 4
85 6
85 43
85 77
85 11
84 86
84 71
84 55
84 80
84 52
84 59
84 47
87 51
87 85
87 55
87 66
87 78
87 72
87 45
86 76
86 40
86 29
81 86
81 37
81 7
81 42
81 28
81 13
81 31
81 15
80 71
80 52
80 22
80 59
80 47
83 17
83 84
83 70
83 22
83 26
83 62
83 60
82 51
82 85
82 87
82 4
82 6
82 56
82 26
82 11
82 79
93 2
93 48
93 36
93 53
93 25
93 40
93 94
92 34
92 19
92 32
92 33
92 86
92 53
92 76
92 29
92 88
95 84
95 86
95 71
95 66
95 52
95 59
95 29
95 47
94 51
94 87
94 55
94 66
94 58
94 78
94 72
94 45
89 1
89 18
89 86
89 5
89 23
89 10
89 95
89 88
89 44
88 85
88 32
88 86
88 38
88 8
88 79
88 29
88 74
91 17
91 66
91 83
91 67
91 40
91 27
91 73
91 62
91 60
90 34
90 84
90 16
90 71
90 80
90 52
90 59
90 95
90 63
102 68
102 33
102 81
102 20
102 54
102 93
102 63
102 31
102 15
103 17
103 70
103 83
103 52
103 22
103 27
103 73
103 60
100 34
100 49
100 2
100 19
100 32
100 53
100 76
100 58
100 92
100 29
101 85
101 6
101 82
101 52
101 43
101 56
101 11
101 104
101 74
98 2
98 48
98 36
98 97
98 67
98 25
98 93
98 40
99 102
99 35
99 69
99 16
99 3
99 38
99 7
99 46
99 88
99 14
96 1
96 50
96 66
96 6
96 23
96 9
96 26
96 12
96 30
97 101
97 4
97 99
97 43
97 77
97 56
97 11
97 79
110 85
110 101
110 80
110 6
110 97
110 82
110 43
110 77
110 11
110 94
111 1
111 18
111 5
111 83
111 23
111 77
111 10
111 72
111 89
111 12
111 44
108 2
108 32
108 48
108 98
108 36
108 112
108 25
108 76
108 93
108 40
108 61
109 35
109 69
109 16
109 3
109 38
109 64
109 7
109 25
109 14
109 90
109 60
106 69
106 49
106 21
106 65
106 23
106 8
106 9
106 107
106 74
106 75
106 45
107 49
107 21
107 65
107 5
107 8
107 24
107 10
107 74
107 75
104 84
104 6
104 58
104 57
104 12
104 61
105 51
105 87
105 86
105 55
105 78
105 26
105 94
105 72
105 14
105 45
115 103
115 71
115 80
115 59
115 95
115 56
115 47
115 104
115 61
115 90
114 17
114 103
114 70
114 83
114 67
114 22
114 57
114 73
114 91
114 30
113 51
113 16
113 87
113 55
113 58
113 111
113 78
113 94
113 72
113 105
113 45
112 2
112 86
112 48
112 98
112 36
112 25
112 93
112 40
112 62